A8_14,1,19,2,0,0,2,0,A8_11 
A8_7,1,19,6,0,0,6,0,A8_11 A8_50 
A8_12,1,19,6,2,0,4,0,A8_11 A8_50 
A8_13,1,19,6,0,0,6,0,A8_11 A8_50 
A8_44,1,19,4,0,0,4,0,A8_50 
A8_15,2,18,6,0,0,4,0,A8_12 
A8_4,2,18,2,0,0,2,0,A8_14 A8_20 
A8_5,2,18,2,0,0,2,0,A8_14 
A8_6,2,18,6,0,0,4,0,A8_12 
A8_16,2,18,6,0,0,4,0,A8_12 
A8_17,2,18,6,0,0,4,0,A8_12 
A8_19,2,18,6,0,0,4,0,A8_12 
A8_20,2,18,6,0,0,6,0,A8_13 
A8_22,2,18,2,0,0,2,0,A8_14 
A8_18,2,18,6,0,0,4,0,A8_12 
A8_21,2,18,6,0,0,6,0,A8_13 
A8_46,2,18,4,0,0,4,0,A8_44 
A8_48,2,18,4,0,0,4,0,A8_44 
A8_49,2,18,4,0,0,4,0,A8_44 
A8_4,3,17,6,0,0,6,0,A8_14 A8_20 
A8_10,3,17,12,0,0,8,0,A8_15 A8_16 
A8_25,3,17,6,0,0,4,0,A8_17 
A8_29,3,17,6,0,0,6,0,A8_20 
A8_26,3,17,6,0,0,4,0,A8_17 
A8_32,3,17,6,0,0,6,0,A8_20 
A8_28,3,17,6,0,0,4,0,A8_19 
A8_34,3,17,6,0,0,6,0,A8_21 
A8_35,3,17,6,0,0,6,0,A8_21 
A8_24,3,17,6,0,0,4,0,A8_16 
A8_30,3,17,6,0,0,6,0,A8_20 
A8_23,3,17,6,0,0,4,0,A8_15 
A8_27,3,17,6,0,0,4,0,A8_18 
A8_31,3,17,6,0,0,6,0,A8_20 
A8_33,3,17,6,0,0,6,0,A8_21 
A8_36,3,17,4,0,0,4,0,A8_46 
A8_39,3,17,4,0,0,4,0,A8_49 
A8_45,3,17,4,0,0,4,0,A8_48 
A8_8,4,16,6,0,0,4,0,A8_23 
A8_9,4,16,6,0,0,4,0,A8_24 
A8_40,4,16,6,0,0,6,0,A8_30 
A8_36,4,16,12,0,0,8,0,A8_25 A8_27 
A8_41,4,16,6,0,0,6,0,A8_31 
A8_37,4,16,6,0,0,4,0,A8_26 
A8_42,4,16,18,0,0,18,0,A8_32 A8_35 A8_33 
A8_38,4,16,10,0,0,8,0,A8_40 A8_28 A8_39 
A8_39,4,16,12,0,0,12,0,A8_29 A8_34 
A8_1,4,16,4,0,0,4,0,A8_36 
A8_47,4,16,4,0,0,4,0,A8_45 
A8_1,5,15,12,0,0,8,0,A8_36 
A8_2,5,15,24,0,0,22,0,A8_37 A8_42 A8_43 
A8_38,5,15,18,0,0,18,0,A8_40 A8_28 A8_39 
A8_43,5,15,10,0,0,8,0,A8_38 
A8_9,5,15,4,0,0,4,0,A8_47 
A8_2,6,14,10,0,0,8,0,A8_37 A8_42 A8_43 
A8_43,6,14,18,0,0,18,0,A8_38 
A8_2,7,13,18,0,0,18,0,A8_37 A8_42 A8_43 
