A5_5,1,19,4,0,0,4,0,A5_52 
A5_10,1,19,4,0,0,4,0,A5_52 
A5_14,1,19,4,0,0,4,0,A5_52 
A5_24,1,19,4,0,0,4,0,A5_52 
A5_42,1,19,4,0,0,4,0,A5_52 
A5_21,1,19,4,0,0,4,0,A5_52 
A5_45,1,19,4,0,0,4,0,A5_52 
A5_44,1,19,4,0,0,4,0,A5_52 
A5_46,1,19,4,0,0,4,0,A5_52 
A5_49,1,19,4,0,0,4,0,A5_52 
A5_15,2,18,4,0,0,4,0,A5_45 
A5_1,2,18,20,0,0,20,0,A5_10 A5_14 A5_21 A5_46 
A5_3,2,18,4,0,0,4,0,A5_45 
A5_4,2,18,4,0,0,4,0,A5_21 
A5_6,2,18,12,0,0,12,0,A5_10 A5_24 A5_45 
A5_7,2,18,4,0,0,4,0,A5_44 
A5_8,2,18,4,0,0,4,0,A5_45 
A5_11,2,18,8,0,0,8,0,A5_42 A5_45 
A5_12,2,18,4,0,0,4,0,A5_44 
A5_13,2,18,4,0,0,4,0,A5_44 
A5_17,2,18,4,0,0,4,0,A5_24 
A5_41,2,18,4,0,0,4,0,A5_42 
A5_33,2,18,4,0,0,4,0,A5_44 
A5_29,2,18,4,0,0,4,0,A5_44 
A5_23,2,18,4,0,0,4,0,A5_44 
A5_30,2,18,4,0,0,4,0,A5_45 
A5_40,2,18,4,0,0,4,0,A5_45 
A5_32,2,18,4,0,0,4,0,A5_44 
A5_25,2,18,4,0,0,4,0,A5_24 
A5_22,2,18,4,0,0,4,0,A5_44 
A5_19,2,18,4,0,0,4,0,A5_24 
A5_18,2,18,4,0,0,4,0,A5_24 
A5_27,2,18,4,0,0,4,0,A5_45 
A5_36,2,18,4,0,0,4,0,A5_24 
A5_20,2,18,4,0,0,4,0,A5_44 
A5_37,2,18,4,0,0,4,0,A5_44 
A5_28,2,18,4,0,0,4,0,A5_45 
A5_48,2,18,4,0,0,4,0,A5_44 
A5_49,2,18,4,0,0,4,0,A5_42 A5_52 
A5_47,2,18,4,0,0,4,0,A5_44 
A5_50,2,18,4,0,0,4,0,A5_24 
A5_15,3,17,4,0,0,4,0,A5_20 
A5_1,3,17,88,0,0,88,0,A5_15 A5_11 A5_12 A5_13 A5_39 A5_33 A5_29 A5_35 A5_23 A5_30 A5_40 A5_32 A5_25 A5_22 A5_19 A5_36 A5_20 A5_37 A5_48 A5_47 
A5_2,3,17,20,0,0,20,0,A5_13 A5_17 A5_41 A5_40 A5_18 
A5_4,3,17,4,0,0,4,0,A5_41 
A5_6,3,17,4,0,0,4,0,A5_20 
A5_9,3,17,8,0,0,8,0,A5_28 A5_50 
A5_11,3,17,4,0,0,4,0,A5_27 
A5_14,3,17,4,0,0,4,0,A5_27 A5_52 
A5_39,3,17,4,0,0,4,0,A5_30 
A5_31,3,17,4,0,0,4,0,A5_25 
A5_35,3,17,4,0,0,4,0,A5_20 
A5_34,3,17,8,0,0,8,0,A5_11 
A5_43,3,17,4,0,0,4,0,A5_13 
A5_1,4,16,36,0,0,36,0,A5_15 A5_11 A5_14 A5_39 A5_31 A5_35 
A5_2,4,16,12,0,0,12,0,A5_39 A5_40 A5_34 
A5_34,4,16,4,0,0,4,0,A5_11 
A5_2,5,15,4,0,0,4,0,A5_34 
